k,wssse,purity
2,398342.5013093058,0.6671266666666666
3,346535.7436097582,0.7470533333333333
4,343376.1719200412,0.7345533333333333
5,338410.8369218764,0.7091866666666666
6,322113.56763832795,0.8234666666666667
7,329888.40464356076,0.7255733333333333
8,316654.17089438403,0.8353866666666666
9,326821.35533429997,0.7690466666666667
10,302417.44852058165,0.8662466666666666
11,309175.5450396212,0.78544
12,302751.43264046323,0.8712466666666666
13,305270.9268598239,0.8227
14,297223.6502437472,0.8126533333333333
15,293006.31979245367,0.8648933333333333
16,294143.7500842611,0.8600866666666667
17,295071.97084196063,0.87072
18,285991.39557630796,0.844
19,287632.5811717695,0.88124
20,281979.0971277434,0.83866
22,271389.61686603585,0.8760666666666667
24,272188.9893925507,0.8830066666666667
26,278675.43895366054,0.8181533333333333
28,273385.4062669462,0.8630733333333334
30,265207.38365544984,0.87254
32,264747.8135177969,0.8753666666666666
34,268273.12147509557,0.8735333333333334
36,257654.1628768581,0.8753866666666666
38,257989.38118064348,0.87758
40,253091.80852961447,0.8930333333333333
42,254865.75736005834,0.87498
44,255691.77630628337,0.8956733333333333
46,254949.42922828364,0.9022666666666667
48,250558.01729051606,0.88022
50,248040.35319073795,0.8842733333333334
